11 -10 315
11 810 315
1 380 10
1 380 750
2 350 150
2 355 450
2 450 300
2 450 600
3 680 640
4 710 125
4 705 425
4 110 275
4 110 575
5 310 30
6 590 30
5 60 180
6 330 180
5 350 180
6 600 180
5 230 330
6 620 330
7 600 35
7 300 35
7 30 175
7 50 175
7 340 175
7 610 175
7 220 325
7 630 325
7 750 325
7 760 325
7 780 325
7 580 475
7 380 475
7 180 475
7 30 475
7 50 475
7 210 625
7 410 625
8 310 30
8 310 170
8 360 170
8 360 320
9 680 670 
10 780 60
10 430 230
10 180 230
10 630 420
10 220 420
10 310 625
10 510 625
10 610 685
11 -210 315